194,3
194,2
194,1
194,0
192,4
192,3
192,2
192,1
192,0
190,5
190,4
190,3
190,2
190,1
190,0
187,4
187,3
187,2
187,1
187,0
185,3
185,2
185,1
185,0
184,5
184,4
184,3
184,2
184,1
184,0
183,4
183,3
183,2
183,1
183,0
182,5
182,4
182,3
182,2
182,1
182,0
181,5
181,4
181,3
181,2
181,1
181,0
180,4
180,3
180,2
180,1
180,0
179,5
179,4
179,3
179,2
179,1
179,0
164,3
164,2
164,1
164,0
4,3
2,3
1,3
0,410
0,324
0,243
0,9
0,0
0,1
0,422
0,300
0,421
0,299
0,420
0,298
0,419
0,297
0,418
0,296
0,417
0,295
0,416
0,294
0,415
0,293
0,414
0,292
0,413
0,291
0,412
0,290
0,411
0,289
0,409
0,288
0,408
0,287
0,407
0,286
0,406
0,285
0,405
0,284
0,404
0,283
0,403
0,282
0,431
0,281
0,435
0,280
0,430
0,279
0,434
0,278
0,429
0,277
0,402
0,276
0,401
0,275
0,400
0,274
0,399
0,273
0,398
0,272
0,397
0,271
0,396
0,270
0,428
0,269
0,395
0,268
0,380
0,267
0,379
0,266
0,378
0,265
0,427
0,264
0,377
0,263
0,376
0,262
0,375
0,261
0,374
0,260
0,394
0,259
0,373
0,258
0,393
0,257
0,372
0,256
0,371
0,255
0,426
0,254
0,370
0,253
0,252
0,369
0,251
0,368
0,250
0,367
0,249
0,366
0,248
0,365
0,247
0,433
0,246
0,364
0,245
0,391
0,244
0,363
0,242
0,362
0,241
0,361
0,240
0,360
0,239
0,359
0,238
0,432
0,237
0,358
0,236
0,390
0,235
0,357
0,234
0,233
0,355
0,232
0,354
0,231
0,353
0,230
0,389
0,229
0,352
0,228
0,388
0,227
0,351
0,226
0,350
0,225
0,349
0,224
0,348
0,223
0,347
0,222
0,346
0,221
0,345
0,220
0,344
0,219
0,343
0,218
0,342
0,217
0,341
0,216
0,340
0,215
0,339
0,214
0,338
0,213
0,337
0,212
0,425
0,211
0,336
0,210
0,424
0,209
0,335
0,208
0,334
0,207
0,387
0,206
0,333
0,205
0,386
0,204
0,332
0,203
0,331
0,202
0,330
0,201
0,329
0,200
0,328
0,199
0,385
0,198
0,444
0,197
0,384
0,196
0,443
0,195
0,194
0,323
0,193
0,192
0,441
0,63
0,437
0,62
0,446
0,61
0,436
0,60
0,382
0,59
0,423
0,58
0,439
0,57
0,311
0,56
0,438
0,55
0,447
0,54
0,442
0,53
0,312
0,52
0,51
0,445
0,50
0,440
0,49
0,310
0,48
0,309
0,47
0,308
0,46
0,307
0,45
0,301
0,6
0,5
0,304
0,303
0,306
0,305
0,302
0,12
0,10
0,8
0,11
0,4
0,2
0,3
0,7
